data_obs: 46.702
SIG_M800: 0.00700822
SIG_M1000: 0.203863
SIG_M1200: 0.639645
SIG_M1400: 0.737255
SIG_M1600: 0.598323
SIG_M1800: 0.433172
SIG_M2000: 0.272656
SIG_M2500: 0.084224
SIG_M3000: 0.0244277
SIG_M3500: 0.00767352
SIG_M4000: 0.00237476
BACKGROUND: 45.702
